image_width: 1920
image_height: 1280
camera_name: f
camera_matrix:
  rows: 3
  cols: 3
  data: [1246.7, 0.0, 951.5, 0.0, 1249.1, 675.5, 0.0, 0.0, 1.0]
distortion_model: plumb_bob
distortion_coefficients:
  rows: 1
  cols: 5
  data: [-0.44068947, 0.26221905, -0.00238855, 0.00414842, -0.08099262]
rectification_matrix:
  rows: 3
  cols: 3
  data: [1.0, 0.0, 0.0, 0.0, 1.0, 0.0, 0.0, 0.0, 1.0]
projection_matrix:
  rows: 3
  cols: 4
  data: [1246.7, 0.0, 951.5, 0.0, 0.0, 1249.1, 675.5, 0.0, 0.0, 0.0, 1.0, 0.0]
